MH 18B Airfoil by Martin Hepperle, www.mh-aerotools.de
1.000 0.000
0.99726 -0.00029
0.98907 -0.001
0.97553 -0.00096
0.95677 -0.00027
0.93301 0.00151
0.90451 0.00478
0.87157 0.00978
0.83457 0.01651
0.79389 0.02475
0.750 0.03405
0.70337 0.04381
0.65451 0.05333
0.60396 0.06193
0.55226 0.06904
0.500 0.07424
0.44774 0.07729
0.39604 0.07816
0.34549 0.077
0.29663 0.07402
0.250 0.06958
0.20611 0.06401
0.16543 0.05762
0.12843 0.05068
0.09549 0.04343
0.06699 0.03603
0.04323 0.02859
0.02447 0.02121
0.01093 0.01395
0.00274 0.00687
0.000 0.000
0.00274 -0.00548
0.01093 -0.01042
0.02447 -0.01487
0.04323 -0.01891
0.06699 -0.02262
0.09549 -0.02605
0.12843 -0.02923
0.16543 -0.03211
0.20611 -0.03462
0.250 -0.03667
0.29663 -0.03816
0.34549 -0.039
0.39604 -0.03918
0.44774 -0.03871
0.500 -0.03766
0.55226 -0.03613
0.60396 -0.03421
0.65451 -0.03197
0.70337 -0.02948
0.750 -0.02677
0.79389 -0.02382
0.83457 -0.02066
0.87157 -0.0173
0.90451 -0.01381
0.93301 -0.01032
0.95677 -0.00701
0.97553 -0.00411
0.98907 -0.00182
0.99726 -0.00045
1.000 0.000
