MH 34 Airfoil by Martin Hepperle, www.mh-aerotools.de
1.000 0.000
0.99658 0.0004
0.98666 0.00177
0.97093 0.00429
0.95005 0.00781
0.92454 0.01197
0.8947 0.01642
0.86076 0.02095
0.82306 0.02545
0.78194 0.02983
0.73783 0.03405
0.69124 0.03805
0.64268 0.04174
0.5927 0.04506
0.54183 0.04793
0.49064 0.05029
0.43966 0.05206
0.38946 0.0532
0.34057 0.05364
0.29348 0.05335
0.24869 0.05228
0.20664 0.0504
0.16773 0.04771
0.13232 0.0442
0.10071 0.03991
0.07316 0.03488
0.04985 0.02919
0.03093 0.02297
0.01647 0.0164
0.00649 0.00975
0.00105 0.00348
0.00029 0.00165
0.00001 0.00032
0.0001 -0.00083
0.00066 -0.00191
0.00169 -0.00302
0.00627 -0.00628
0.01729 -0.0111
0.03326 -0.01566
0.05408 -0.01973
0.07962 -0.02324
0.10967 -0.02613
0.14398 -0.02839
0.18223 -0.03003
0.22403 -0.03107
0.26897 -0.03155
0.31657 -0.03151
0.36632 -0.03101
0.41766 -0.03009
0.47004 -0.02883
0.52284 -0.02727
0.57548 -0.02547
0.62734 -0.02347
0.6778 -0.02134
0.72629 -0.01909
0.77221 -0.01676
0.81501 -0.01434
0.85419 -0.01175
0.88949 -0.00891
0.92076 -0.00601
0.94766 -0.00343
0.9697 -0.00149
0.98621 -0.00038
0.9965 -0.00003
1.000 0.000
