MH 43 Airfoil by Martin Hepperle, www.mh-aerotools.de
1.00000000 0.00000000
0.99907075 0.00001987
0.99629616 0.00010072
0.99170581 0.00028216
0.98533529 0.00059234
0.97722593 0.00105301
0.96742457 0.00168123
0.95598341 0.00249011
0.94295971 0.00348963
0.92841566 0.00468684
0.91241809 0.00608654
0.89503831 0.00769127
0.87635191 0.00950271
0.85643851 0.01152113
0.83538236 0.01375398
0.81329506 0.01620880
0.79029913 0.01886000
0.76649861 0.02166907
0.74199228 0.02459670
0.71686849 0.02760323
0.69121687 0.03066014
0.66513931 0.03373413
0.63873257 0.03677262
0.61206584 0.03972691
0.58521495 0.04257733
0.55828151 0.04528883
0.53134330 0.04779733
0.50443829 0.05006328
0.47762638 0.05209171
0.45100426 0.05386084
0.42463165 0.05532063
0.39853965 0.05646006
0.37279192 0.05729876
0.34747784 0.05782355
0.32264392 0.05800248
0.29832033 0.05785061
0.27457470 0.05739820
0.25148643 0.05664870
0.22911068 0.05559723
0.20749764 0.05426203
0.18671735 0.05266071
0.16683542 0.05078870
0.14788727 0.04864269
0.12990637 0.04625181
0.11295185 0.04364173
0.09707276 0.04081728
0.08229576 0.03779052
0.06864996 0.03459638
0.05618411 0.03126059
0.04492690 0.02778927
0.03488219 0.02420754
0.02606513 0.02056963
0.01851986 0.01691276
0.01225360 0.01324562
0.00723838 0.00962558
0.00347890 0.00616231
0.00103834 0.00297185
0.00000482 0.00018769
0.00077475 -0.00221180
0.00344429 -0.00455505
0.00767734 -0.00700329
0.01336941 -0.00946009
0.02047800 -0.01184766
0.02900791 -0.01411862
0.03894278 -0.01627367
0.05023489 -0.01829272
0.06285585 -0.02013924
0.07679055 -0.02179542
0.09200359 -0.02326220
0.10844027 -0.02451327
0.12608868 -0.02550828
0.14495297 -0.02626306
0.16498778 -0.02681910
0.18612227 -0.02719110
0.20829774 -0.02738291
0.23145461 -0.02741289
0.25551585 -0.02730011
0.28039960 -0.02705330
0.30602735 -0.02667948
0.33231789 -0.02619044
0.35918213 -0.02559585
0.38653198 -0.02489826
0.41428643 -0.02410322
0.44236005 -0.02322614
0.47065735 -0.02227907
0.49908554 -0.02126778
0.52755555 -0.02020154
0.55597438 -0.01909376
0.58424457 -0.01795368
0.61227310 -0.01678694
0.63996971 -0.01560278
0.66724068 -0.01441219
0.69399104 -0.01321834
0.72014009 -0.01202181
0.74561068 -0.01083890
0.77031375 -0.00968762
0.79416012 -0.00857742
0.81706681 -0.00751590
0.83895328 -0.00651327
0.85973801 -0.00557822
0.87934282 -0.00471594
0.89769316 -0.00393029
0.91471838 -0.00322323
0.93035193 -0.00259536
0.94453158 -0.00204553
0.95719965 -0.00157098
0.96830314 -0.00116687
0.97779385 -0.00082389
0.98563876 -0.00052630
0.99182552 -0.00027554
0.99632537 -0.00010113
0.99907348 -0.00001905
1.00000000 0.00000000
