MH 42 Airfoil by Martin Hepperle, www.mh-aerotools.de
1.000 0.000
0.99672 0.0002
0.98704 0.00092
0.97125 0.00236
0.94974 0.00461
0.92294 0.0077
0.89133 0.0116
0.85546 0.01625
0.81587 0.0215
0.77311 0.02719
0.72776 0.03317
0.68039 0.03924
0.6316 0.0452
0.58197 0.0508
0.53203 0.05576
0.48221 0.05987
0.43291 0.06296
0.38456 0.06495
0.33754 0.06576
0.29226 0.0654
0.24909 0.06387
0.20841 0.06121
0.17057 0.05749
0.1359 0.0528
0.1047 0.04722
0.07724 0.04091
0.05372 0.03398
0.03433 0.02662
0.01918 0.01903
0.00832 0.0115
0.00184 0.0045
0.000 0.000
0.00012 -0.00104
0.00417 -0.00563
0.0141 -0.01022
0.02911 -0.0145
0.04902 -0.01826
0.07364 -0.02133
0.10283 -0.02357
0.13649 -0.02499
0.17434 -0.02571
0.21598 -0.02585
0.26096 -0.02549
0.30876 -0.02469
0.35884 -0.02351
0.41065 -0.022
0.4636 -0.02023
0.51709 -0.01828
0.57052 -0.0162
0.62324 -0.01404
0.67468 -0.01186
0.72424 -0.00972
0.77135 -0.0077
0.81543 -0.00588
0.8559 -0.0043
0.89223 -0.003
0.92394 -0.00198
0.95058 -0.00122
0.97178 -0.00068
0.98732 -0.0003
0.99675 -0.00007
1.000 0.000
