MH 44 Airfoil by Martin Hepperle, www.mh-aerotools.de
1.000 0.000
0.99653 0.00006
0.98629 0.00044
0.9697 0.00147
0.94719 0.0033
0.91923 0.00602
0.88634 0.00969
0.84914 0.01428
0.80834 0.01973
0.76479 0.02575
0.71902 0.03179
0.67127 0.03755
0.62196 0.04301
0.57168 0.04808
0.52097 0.05257
0.4703 0.05638
0.42023 0.05942
0.37128 0.06155
0.32392 0.06267
0.27856 0.06271
0.23561 0.06159
0.1954 0.05934
0.15827 0.05599
0.12454 0.0516
0.09448 0.04624
0.0683 0.040
0.04617 0.03303
0.0282 0.02552
0.01449 0.01773
0.00505 0.00999
0.000 0.00282
0.00022 -0.00294
0.00635 -0.00795
0.018 -0.01311
0.03464 -0.01811
0.05599 -0.02275
0.08179 -0.0268
0.11183 -0.03003
0.14602 -0.03232
0.18411 -0.0337
0.22585 -0.03424
0.27085 -0.03406
0.31862 -0.03328
0.36863 -0.03197
0.42035 -0.03025
0.47321 -0.0282
0.52657 -0.02593
0.57982 -0.02356
0.63229 -0.02114
0.68335 -0.01875
0.73235 -0.01641
0.77872 -0.01418
0.82187 -0.01204
0.86129 -0.01004
0.8965 -0.00815
0.92706 -0.00642
0.95259 -0.0048
0.97277 -0.00329
0.98743 -0.00177
0.9967 -0.00049
1.000 0.000
