MH 57 Airfoil by Martin Hepperle, www.mh-aerotools.de
1.00000000 0.00000000
0.99978165 0.00002012
0.99914684 0.00007810
0.99812143 0.00017016
0.99671275 0.00029481
0.99492453 0.00045443
0.99276108 0.00065262
0.99022585 0.00089253
0.98732085 0.00117947
0.98405031 0.00152191
0.98042268 0.00192793
0.97644779 0.00240313
0.97213565 0.00295271
0.96749877 0.00358160
0.96255198 0.00429127
0.95730868 0.00507941
0.95177991 0.00594326
0.94597707 0.00688028
0.93991175 0.00788567
0.93359289 0.00895310
0.92702726 0.01007790
0.92022285 0.01125688
0.91318858 0.01248538
0.90593160 0.01375780
0.89845823 0.01507033
0.89077697 0.01641980
0.88289745 0.01780033
0.87482682 0.01920400
0.86657001 0.02062414
0.85813244 0.02205521
0.84951945 0.02349063
0.84073430 0.02492384
0.83177941 0.02635055
0.82265879 0.02776749
0.81337680 0.02917019
0.80393606 0.03055431
0.79433895 0.03191776
0.78458988 0.03325910
0.77469365 0.03457535
0.76465336 0.03586362
0.75447213 0.03712320
0.74415522 0.03835373
0.73370826 0.03955315
0.72313518 0.04071944
0.71244011 0.04185256
0.70162922 0.04295255
0.69070879 0.04401764
0.67968335 0.04504633
0.66855785 0.04603904
0.65733930 0.04699597
0.64603457 0.04791543
0.63464875 0.04879607
0.62318737 0.04963842
0.61165798 0.05044260
0.60006769 0.05120685
0.58842178 0.05192999
0.57672621 0.05261275
0.56498898 0.05325517
0.55321738 0.05385534
0.54141673 0.05441209
0.52959317 0.05492627
0.51775496 0.05539789
0.50590953 0.05582480
0.49406209 0.05620551
0.48221837 0.05654064
0.47038593 0.05683023
0.45857153 0.05707262
0.44678006 0.05726710
0.43501727 0.05741495
0.42329077 0.05751665
0.41160730 0.05757105
0.39997193 0.05757797
0.38839072 0.05753895
0.37687139 0.05745457
0.36542061 0.05732384
0.35404346 0.05714685
0.34274608 0.05692529
0.33153615 0.05665977
0.32042012 0.05634943
0.30940297 0.05599466
0.29849085 0.05559727
0.28769129 0.05515787
0.27701045 0.05467576
0.26645315 0.05415159
0.25602550 0.05358728
0.24573479 0.05298341
0.23558682 0.05233944
0.22558621 0.05165627
0.21573896 0.05093590
0.20605206 0.05017891
0.19653095 0.04938488
0.18718002 0.04855492
0.17800510 0.04769104
0.16901283 0.04679378
0.16020820 0.04586282
0.15159534 0.04489943
0.14317988 0.04390561
0.13496808 0.04288178
0.12696447 0.04182766
0.11917292 0.04074455
0.11159878 0.03963422
0.10424776 0.03849679
0.09712376 0.03733187
0.09023009 0.03614063
0.08357151 0.03492454
0.07715283 0.03368340
0.07097688 0.03241679
0.06504611 0.03112606
0.05936453 0.02981280
0.05393624 0.02847683
0.04876340 0.02711763
0.04384763 0.02573622
0.03919180 0.02433376
0.03479845 0.02290986
0.03066825 0.02146408
0.02680144 0.01999737
0.02319905 0.01851025
0.01986056 0.01700144
0.01678130 0.01547030
0.01395366 0.01392061
0.01137088 0.01236206
0.00903071 0.01080901
0.00693823 0.00927680
0.00510464 0.00777589
0.00354037 0.00630948
0.00224953 0.00487980
0.00123522 0.00349597
0.00050971 0.00217078
0.00009469 0.00090932
0.00001132 -0.00029500
0.00027523 -0.00145482
0.00089812 -0.00258720
0.00188444 -0.00371579
0.00322383 -0.00486484
0.00489510 -0.00604633
0.00688044 -0.00725913
0.00916957 -0.00850007
0.01175256 -0.00976727
0.01461920 -0.01105490
0.01776491 -0.01235455
0.02118919 -0.01366219
0.02488838 -0.01497720
0.02885640 -0.01629579
0.03309109 -0.01761192
0.03759297 -0.01892362
0.04235881 -0.02023185
0.04738265 -0.02153431
0.05266169 -0.02282631
0.05819538 -0.02410650
0.06397974 -0.02537569
0.07000873 -0.02663134
0.07627979 -0.02786908
0.08279234 -0.02908823
0.08954208 -0.03029029
0.09652250 -0.03147351
0.10373026 -0.03263427
0.11116362 -0.03377235
0.11881721 -0.03488927
0.12668378 -0.03598304
0.13475948 -0.03705004
0.14304195 -0.03809014
0.15152508 -0.03910473
0.16020109 -0.04009158
0.16906573 -0.04104683
0.17811636 -0.04197007
0.18734685 -0.04286242
0.19674969 -0.04372172
0.20632076 -0.04454464
0.21605702 -0.04533139
0.22595182 -0.04608342
0.23599723 -0.04679874
0.24618873 -0.04747435
0.25652263 -0.04811072
0.26699161 -0.04870920
0.27758736 -0.04926751
0.28830529 -0.04978240
0.29914181 -0.05025424
0.31008982 -0.05068448
0.32114134 -0.05107126
0.33229165 -0.05141213
0.34353654 -0.05170803
0.35486828 -0.05196040
0.36627867 -0.05216719
0.37776306 -0.05232599
0.38931718 -0.05243788
0.40093328 -0.05250436
0.41260339 -0.05252344
0.42432311 -0.05249308
0.43608828 -0.05241487
0.44789110 -0.05229071
0.45972361 -0.05211905
0.47158136 -0.05189828
0.48346000 -0.05163038
0.49535165 -0.05131742
0.50724848 -0.05095804
0.51914625 -0.05055100
0.53104082 -0.05009867
0.54292466 -0.04960363
0.55479033 -0.04906544
0.56663354 -0.04848411
0.57844948 -0.04786318
0.59022961 -0.04720588
0.60196554 -0.04651195
0.61365220 -0.04578122
0.62528441 -0.04501677
0.63685390 -0.04422149
0.64835264 -0.04339539
0.65977553 -0.04253894
0.67111684 -0.04165560
0.68236783 -0.04074817
0.69352037 -0.03981660
0.70456911 -0.03886158
0.71550767 -0.03788658
0.72632660 -0.03689393
0.73701733 -0.03588274
0.74757430 -0.03485263
0.75799129 -0.03380567
0.76825967 -0.03274264
0.77837236 -0.03166137
0.78832562 -0.03056065
0.79811534 -0.02944196
0.80773553 -0.02830599
0.81718200 -0.02715142
0.82645353 -0.02597887
0.83554789 -0.02479228
0.84446034 -0.02359523
0.85318701 -0.02238981
0.86172564 -0.02118004
0.87007164 -0.01997239
0.87821733 -0.01877170
0.88615593 -0.01757998
0.89388265 -0.01640001
0.90139143 -0.01523592
0.90867470 -0.01408982
0.91572738 -0.01296165
0.92254716 -0.01185336
0.92913065 -0.01076959
0.93547273 -0.00971427
0.94156975 -0.00869054
0.94741913 -0.00770428
0.95301537 -0.00676380
0.95834990 -0.00587592
0.96341432 -0.00504579
0.96820000 -0.00427973
0.97269468 -0.00358401
0.97688372 -0.00296070
0.98075447 -0.00240813
0.98429618 -0.00192448
0.98749745 -0.00150706
0.99034787 -0.00114995
0.99284135 -0.00084620
0.99497409 -0.00059184
0.99674074 -0.00038480
0.99813513 -0.00022209
0.99915205 -0.00010179
0.99978276 -0.00002606
1.00000000 0.00000000
