MH 55 Airfoil by Martin Hepperle, www.mh-aerotools.de
1.00000000 0.00000000
0.99643993 0.00029462
0.99057990 0.00079030
0.98393971 0.00139121
0.97647953 0.00213965
0.96840942 0.00304730
0.95995915 0.00410359
0.95127887 0.00528850
0.94243866 0.00658190
0.93352836 0.00795634
0.92452812 0.00940051
0.91548771 0.01089301
0.90641743 0.01241915
0.89728719 0.01397135
0.88814688 0.01552828
0.87905651 0.01706706
0.86999625 0.01857931
0.86095595 0.02005668
0.85194564 0.02148995
0.84291542 0.02288153
0.83393514 0.02421738
0.82494491 0.02550524
0.81591457 0.02674953
0.80688435 0.02794649
0.79783416 0.02910181
0.78871387 0.03022502
0.77959371 0.03131092
0.77045357 0.03236522
0.76128334 0.03339176
0.75212300 0.03438826
0.74293286 0.03536068
0.73375267 0.03630594
0.72457248 0.03722621
0.71536231 0.03812533
0.70619214 0.03899739
0.69701201 0.03984798
0.68782181 0.04067779
0.67865163 0.04148457
0.66943151 0.04227471
0.66021132 0.04304411
0.65096116 0.04379541
0.64171106 0.04452620
0.63249087 0.04523416
0.62325078 0.04592308
0.61402059 0.04659069
0.60477048 0.04723914
0.59552032 0.04786698
0.58631021 0.04847137
0.57706010 0.04905736
0.56781000 0.04962216
0.55856991 0.05016504
0.54930979 0.05068753
0.54008967 0.05118602
0.53084964 0.05166355
0.52158952 0.05211971
0.51232940 0.05255320
0.50310934 0.05296189
0.49386925 0.05334802
0.48462915 0.05371040
0.47540909 0.05404809
0.46615905 0.05436280
0.45690897 0.05465317
0.44765896 0.05491892
0.43842891 0.05515920
0.42922881 0.05537359
0.41997877 0.05556367
0.41072878 0.05572812
0.40150875 0.05586635
0.39227870 0.05597864
0.38303870 0.05606453
0.37381867 0.05612335
0.36458868 0.05615492
0.35535866 0.05615869
0.34615871 0.05613421
0.33694866 0.05608089
0.32772872 0.05599812
0.31850874 0.05588528
0.30930880 0.05574174
0.30012879 0.05556657
0.29094884 0.05535823
0.28177887 0.05511583
0.27259895 0.05483792
0.26343897 0.05452448
0.25427908 0.05417364
0.24512918 0.05378424
0.23601922 0.05335594
0.22689931 0.05288462
0.21778946 0.05236920
0.20870954 0.05180879
0.19964968 0.05120082
0.19057982 0.05054081
0.18154997 0.04982974
0.17258012 0.04906664
0.16359030 0.04824143
0.15464047 0.04735555
0.14574066 0.04640619
0.13687082 0.04538701
0.12805104 0.04429566
0.11927129 0.04312547
0.11056157 0.04187412
0.10194181 0.04053736
0.09339210 0.03910306
0.08496244 0.03756946
0.07666276 0.03592763
0.06851313 0.03416854
0.06058346 0.03229429
0.05291391 0.03030212
0.04561432 0.02821147
0.03876473 0.02604231
0.03251521 0.02384965
0.02695559 0.02168687
0.02216600 0.01962190
0.01811640 0.01768871
0.01473679 0.01590246
0.01191708 0.01424908
0.00957739 0.01272149
0.00762772 0.01129860
0.00596801 0.00993666
0.00457824 0.00864358
0.00340849 0.00739637
0.00244874 0.00620790
0.00166897 0.00506680
0.00104921 0.00396557
0.00057940 0.00290560
0.00022959 0.00180009
0.00003987 0.00073817
0.00000000 0.00000000
0.00013023 -0.00128906
0.00045042 -0.00236900
0.00096064 -0.00343251
0.00165091 -0.00448116
0.00249112 -0.00549757
0.00351131 -0.00652986
0.00470153 -0.00756563
0.00611168 -0.00863834
0.00776194 -0.00974547
0.00972221 -0.01091184
0.01203239 -0.01213596
0.01479271 -0.01344304
0.01811296 -0.01485238
0.02213327 -0.01638540
0.02691358 -0.01802363
0.03250396 -0.01974235
0.03887428 -0.02149442
0.04587463 -0.02321403
0.05339498 -0.02486503
0.06131529 -0.02642397
0.06948557 -0.02787246
0.07785589 -0.02921597
0.08642609 -0.03046728
0.09506634 -0.03161970
0.10379657 -0.03268710
0.11261678 -0.03367836
0.12149692 -0.03459809
0.13043709 -0.03545332
0.13940726 -0.03624728
0.14843741 -0.03698776
0.15746756 -0.03767427
0.16655767 -0.03831528
0.17564783 -0.03890969
0.18476795 -0.03946240
0.19389804 -0.03997454
0.20305808 -0.04044928
0.21219818 -0.04088592
0.22135825 -0.04128816
0.23055834 -0.04165823
0.23974840 -0.04199545
0.24895847 -0.04230195
0.25816858 -0.04257778
0.26736856 -0.04282340
0.27657863 -0.04304002
0.28579870 -0.04322840
0.29501873 -0.04338934
0.30423874 -0.04352408
0.31348878 -0.04363419
0.32275879 -0.04372033
0.33201879 -0.04378278
0.34123883 -0.04382190
0.35049883 -0.04383840
0.35975879 -0.04383241
0.36900878 -0.04380444
0.37826878 -0.04375506
0.38754877 -0.04368483
0.39680877 -0.04359473
0.40607870 -0.04348508
0.41536871 -0.04335601
0.42462870 -0.04320842
0.43388864 -0.04304202
0.44317862 -0.04285624
0.45246851 -0.04265158
0.46172854 -0.04242867
0.47098848 -0.04218669
0.48024839 -0.04192543
0.48951837 -0.04164471
0.49879831 -0.04134483
0.50805825 -0.04102723
0.51733816 -0.04069106
0.52662808 -0.04033718
0.53591806 -0.03996638
0.54519790 -0.03957941
0.55447793 -0.03917611
0.56375784 -0.03875666
0.57302767 -0.03832156
0.58225763 -0.03787237
0.59151751 -0.03740583
0.60076743 -0.03692406
0.61000735 -0.03642721
0.61927730 -0.03591329
0.62856716 -0.03538305
0.63785696 -0.03483793
0.64713699 -0.03427859
0.65639675 -0.03370562
0.66565675 -0.03311771
0.67492652 -0.03251422
0.68417639 -0.03189707
0.69342625 -0.03126466
0.70270622 -0.03061465
0.71197599 -0.02994946
0.72123587 -0.02926860
0.73049575 -0.02857069
0.73972553 -0.02785727
0.74897534 -0.02712373
0.75824529 -0.02636894
0.76745510 -0.02559833
0.77666503 -0.02480573
0.78590482 -0.02398699
0.79510468 -0.02314664
0.80427450 -0.02228218
0.81346428 -0.02138711
0.82260412 -0.02046685
0.83174390 -0.01951560
0.84089375 -0.01853223
0.85005349 -0.01751758
0.85922331 -0.01647320
0.86839318 -0.01540225
0.87757283 -0.01430603
0.88671261 -0.01319356
0.89588237 -0.01205946
0.90505219 -0.01091012
0.91420203 -0.00975108
0.92327178 -0.00859364
0.93228155 -0.00744062
0.94128132 -0.00629368
0.95021099 -0.00517263
0.95899081 -0.00410327
0.96757060 -0.00310906
0.97584045 -0.00221611
0.98350036 -0.00145649
0.99034017 -0.00083131
0.99637008 -0.00030922
1.00000000 0.00000000
