MH 56 Airfoil by Martin Hepperle, www.mh-aerotools.de
1.00000000 0.00000000
0.99653995 0.00031505
0.99045956 0.00087783
0.98334926 0.00157643
0.97547901 0.00242661
0.96717864 0.00342127
0.95860815 0.00455000
0.94995773 0.00578177
0.94118708 0.00710993
0.93235654 0.00851226
0.92347598 0.00997444
0.91456550 0.01148197
0.90562499 0.01302469
0.89668441 0.01458751
0.88770366 0.01616736
0.87873310 0.01774505
0.86972249 0.01931945
0.86075193 0.02086737
0.85184139 0.02237745
0.84296095 0.02384869
0.83407021 0.02528332
0.82515973 0.02668009
0.81628919 0.02802866
0.80741882 0.02933568
0.79846823 0.03061412
0.78948784 0.03185843
0.78055733 0.03306009
0.77158684 0.03423377
0.76257634 0.03538175
0.75355595 0.03650239
0.74452549 0.03759753
0.73551512 0.03866505
0.72650462 0.03970841
0.71744424 0.04073413
0.70838386 0.04173709
0.69933349 0.04271675
0.69028306 0.04367471
0.68121266 0.04461340
0.67215222 0.04552991
0.66308188 0.04642634
0.65402150 0.04730058
0.64496118 0.04815338
0.63590080 0.04898451
0.62680042 0.04979730
0.61771011 0.05058704
0.60866976 0.05135012
0.59963942 0.05208986
0.59055912 0.05281088
0.58144879 0.05351120
0.57236850 0.05418582
0.56330818 0.05483512
0.55423790 0.05546065
0.54518759 0.05605997
0.53612739 0.05663494
0.52700704 0.05718841
0.51794690 0.05771302
0.50890666 0.05821109
0.49982634 0.05868559
0.49075612 0.05913355
0.48166591 0.05955606
0.47259569 0.05995071
0.46354547 0.06031709
0.45448527 0.06065590
0.44540513 0.06096687
0.43635491 0.06124781
0.42729476 0.06149948
0.41823459 0.06172100
0.40920442 0.06191120
0.40012428 0.06207117
0.39106414 0.06219905
0.38204402 0.06229430
0.37300390 0.06235700
0.36395380 0.06238616
0.35490379 0.06238104
0.34588367 0.06234117
0.33686364 0.06226571
0.32784355 0.06215376
0.31882352 0.06200450
0.30981347 0.06181738
0.30078349 0.06159081
0.29179347 0.06132520
0.28284347 0.06101971
0.27385348 0.06067045
0.26485354 0.06027720
0.25589356 0.05984114
0.24696359 0.05936103
0.23800370 0.05883230
0.22903378 0.05825431
0.22013389 0.05763078
0.21126401 0.05695718
0.20237419 0.05622696
0.19350435 0.05544043
0.18466449 0.05459551
0.17587474 0.05369093
0.16710493 0.05272015
0.15834519 0.05167815
0.14961547 0.05056269
0.14098579 0.04937838
0.13235603 0.04810655
0.12378645 0.04675046
0.11527680 0.04530456
0.10684719 0.04376615
0.09845763 0.04212064
0.09015813 0.04036935
0.08197864 0.03851044
0.07388914 0.03652724
0.06593978 0.03442105
0.05814042 0.03218205
0.05057109 0.02981994
0.04331179 0.02734799
0.03642251 0.02477833
0.03001327 0.02215118
0.02433403 0.01958648
0.01944481 0.01715227
0.01541544 0.01494193
0.01215604 0.01297438
0.00952658 0.01122894
0.00739708 0.00967303
0.00566747 0.00827737
0.00425785 0.00701287
0.00308825 0.00583225
0.00210856 0.00469413
0.00131893 0.00359833
0.00069928 0.00250565
0.00026960 0.00143039
0.00004988 0.00047739
0.00000002 0.00000000
0.00013051 -0.00152433
0.00044084 -0.00246462
0.00095117 -0.00344380
0.00165147 -0.00442641
0.00255181 -0.00542595
0.00366213 -0.00644799
0.00498246 -0.00748709
0.00655281 -0.00856413
0.00844322 -0.00970551
0.01076365 -0.01094481
0.01364409 -0.01230999
0.01722459 -0.01382028
0.02161517 -0.01547125
0.02690583 -0.01724301
0.03308642 -0.01908203
0.03993708 -0.02089088
0.04733772 -0.02262704
0.05512835 -0.02425826
0.06316890 -0.02577043
0.07144943 -0.02717891
0.07984991 -0.02847897
0.08834036 -0.02968046
0.09695082 -0.03079920
0.10567122 -0.03184274
0.11435160 -0.03280227
0.12316196 -0.03370424
0.13204239 -0.03454814
0.14090268 -0.03533060
0.14975299 -0.03605720
0.15867335 -0.03673800
0.16766360 -0.03737548
0.17661390 -0.03796415
0.18555413 -0.03850854
0.19453441 -0.03901386
0.20357463 -0.03948271
0.21258487 -0.03991178
0.22155504 -0.04030249
0.23054525 -0.04065933
0.23960546 -0.04098569
0.24863569 -0.04127918
0.25765583 -0.04154138
0.26668602 -0.04177339
0.27573615 -0.04197609
0.28484631 -0.04215107
0.29390642 -0.04229702
0.30296654 -0.04241566
0.31204671 -0.04250806
0.32112679 -0.04257506
0.33026686 -0.04261792
0.33936703 -0.04263681
0.34843710 -0.04263241
0.35751715 -0.04260531
0.36664724 -0.04255580
0.37578732 -0.04248449
0.38488737 -0.04239223
0.39396739 -0.04227923
0.40305743 -0.04214538
0.41219753 -0.04199028
0.42132753 -0.04181531
0.43045759 -0.04162071
0.43956763 -0.04140731
0.44866765 -0.04117530
0.45778760 -0.04092423
0.46692762 -0.04065427
0.47606763 -0.04036621
0.48518759 -0.04006085
0.49427763 -0.03973874
0.50336754 -0.03939912
0.51248765 -0.03904135
0.52161753 -0.03866663
0.53072751 -0.03827656
0.53981751 -0.03787143
0.54894739 -0.03744876
0.55807739 -0.03701075
0.56721735 -0.03655744
0.57637727 -0.03608879
0.58551723 -0.03560710
0.59462714 -0.03511311
0.60373712 -0.03460552
0.61287701 -0.03408300
0.62203693 -0.03354640
0.63116682 -0.03299882
0.64026672 -0.03244030
0.64940673 -0.03186667
0.65855658 -0.03128001
0.66769642 -0.03068173
0.67684639 -0.03007059
0.68594629 -0.02945054
0.69506615 -0.02881677
0.70422608 -0.02816765
0.71337599 -0.02750650
0.72251576 -0.02683306
0.73160565 -0.02614995
0.74069548 -0.02545320
0.74982542 -0.02473950
0.75896531 -0.02401088
0.76808506 -0.02326916
0.77716500 -0.02251523
0.78621471 -0.02174729
0.79526454 -0.02096136
0.80428451 -0.02015815
0.81331426 -0.01933188
0.82232410 -0.01848353
0.83136392 -0.01760730
0.84044373 -0.01670152
0.84945351 -0.01577733
0.85847342 -0.01482733
0.86750311 -0.01385271
0.87654287 -0.01285527
0.88558257 -0.01183873
0.89463240 -0.01080512
0.90371221 -0.00975549
0.91282189 -0.00869350
0.92193168 -0.00762732
0.93102139 -0.00656590
0.94006115 -0.00552191
0.94906098 -0.00450698
0.95795071 -0.00354540
0.96673054 -0.00265471
0.97521037 -0.00186776
0.98320025 -0.00120220
0.99039012 -0.00066389
0.99653006 -0.00023618
1.00000000 0.00000000
