MH 54 Airfoil by Martin Hepperle, www.mh-aerotools.de
1.00000000 0.00000000
0.99924004 0.00004596
0.99830002 0.00010447
0.99698997 0.00018610
0.99531996 0.00029082
0.99328983 0.00042008
0.99088985 0.00057700
0.98814976 0.00076328
0.98505962 0.00098424
0.98161960 0.00124535
0.97784954 0.00155091
0.97374946 0.00190651
0.96932936 0.00231639
0.96459919 0.00278385
0.95956898 0.00331105
0.95423889 0.00390017
0.94862866 0.00455018
0.94273847 0.00526137
0.93657827 0.00603232
0.93015796 0.00686095
0.92349774 0.00774312
0.91658741 0.00867804
0.90945715 0.00965875
0.90210682 0.01068134
0.89455658 0.01173802
0.88679624 0.01282425
0.87885594 0.01392904
0.87072563 0.01504637
0.86241537 0.01616730
0.85393500 0.01728347
0.84527463 0.01839007
0.83643436 0.01948194
0.82741410 0.02055523
0.81821376 0.02160757
0.80884343 0.02263698
0.79928315 0.02364593
0.78955281 0.02463371
0.77965260 0.02560228
0.76959229 0.02655260
0.75936210 0.02748721
0.74899179 0.02840455
0.73847151 0.02930631
0.72781116 0.03019197
0.71702099 0.03106094
0.70610076 0.03191342
0.69506055 0.03274868
0.68391037 0.03356602
0.67266011 0.03436455
0.66130978 0.03514411
0.64985961 0.03590457
0.63833946 0.03664368
0.62672919 0.03736217
0.61505902 0.03805757
0.60332882 0.03872941
0.59152859 0.03937765
0.57969844 0.03999939
0.56781834 0.04059517
0.55589807 0.04116386
0.54395795 0.04170386
0.53199786 0.04221450
0.52002764 0.04269484
0.50803757 0.04314470
0.49605742 0.04356225
0.48408735 0.04394697
0.47212717 0.04429848
0.46018711 0.04461632
0.44826704 0.04490023
0.43638694 0.04514936
0.42454687 0.04536340
0.41275683 0.04554231
0.40100682 0.04568638
0.38932678 0.04579530
0.37770674 0.04586917
0.36616671 0.04590777
0.35469672 0.04591099
0.34332675 0.04587867
0.33203676 0.04581075
0.32085684 0.04570740
0.30977684 0.04556828
0.29881689 0.04539310
0.28796694 0.04518125
0.27724701 0.04493295
0.26665708 0.04464831
0.25620720 0.04432754
0.24589726 0.04397048
0.23573737 0.04357713
0.22572753 0.04314721
0.21588768 0.04268142
0.20620783 0.04217912
0.19669801 0.04164066
0.18735819 0.04106595
0.17820831 0.04045594
0.16924852 0.03981045
0.16046868 0.03912877
0.15188892 0.03841246
0.14351915 0.03766248
0.13533936 0.03687705
0.12737958 0.03605917
0.11961985 0.03520701
0.11209009 0.03432405
0.10477038 0.03340799
0.09768064 0.03246124
0.09082090 0.03148400
0.08419117 0.03047634
0.07779150 0.02943836
0.07163184 0.02837184
0.06571211 0.02727732
0.06004244 0.02615731
0.05461276 0.02501060
0.04942312 0.02383776
0.04448345 0.02264221
0.03980380 0.02142846
0.03536421 0.02019325
0.03117450 0.01894125
0.02724488 0.01767824
0.02356526 0.01640365
0.02013562 0.01511943
0.01696602 0.01383074
0.01406642 0.01254265
0.01142676 0.01125010
0.00907714 0.00996811
0.00698747 0.00868153
0.00516786 0.00739688
0.00362828 0.00612552
0.00237860 0.00488871
0.00138895 0.00367153
0.00065927 0.00248049
0.00017962 0.00126790
-0.00000002 0.00000000
0.00013030 -0.00103832
0.00059066 -0.00217981
0.00138094 -0.00329986
0.00247126 -0.00438903
0.00385156 -0.00546411
0.00549191 -0.00651611
0.00742224 -0.00756699
0.00964253 -0.00861220
0.01215282 -0.00964893
0.01495309 -0.01067663
0.01806341 -0.01170275
0.02145371 -0.01271875
0.02511396 -0.01372309
0.02903424 -0.01471246
0.03322455 -0.01568728
0.03767485 -0.01664255
0.04238508 -0.01757592
0.04735537 -0.01848540
0.05259562 -0.01937152
0.05809589 -0.02023201
0.06385615 -0.02106679
0.06986631 -0.02187448
0.07613660 -0.02265676
0.08265680 -0.02341301
0.08942699 -0.02414389
0.09642722 -0.02484752
0.10367743 -0.02552602
0.11115756 -0.02617781
0.11887774 -0.02680439
0.12681793 -0.02740476
0.13497812 -0.02797962
0.14335829 -0.02852947
0.15195842 -0.02905471
0.16076857 -0.02955502
0.16976874 -0.03002968
0.17896885 -0.03047948
0.18836899 -0.03090449
0.19793911 -0.03130346
0.20769913 -0.03167720
0.21762930 -0.03202486
0.22772940 -0.03234650
0.23798943 -0.03264190
0.24839953 -0.03291073
0.25896958 -0.03315291
0.26966965 -0.03336723
0.28051969 -0.03355367
0.29148978 -0.03371161
0.30258980 -0.03384154
0.31380981 -0.03394391
0.32513985 -0.03401920
0.33656985 -0.03406750
0.34810987 -0.03408870
0.35972989 -0.03408282
0.37143984 -0.03405002
0.38322982 -0.03399065
0.39508978 -0.03390518
0.40700981 -0.03379402
0.41898975 -0.03365739
0.43101969 -0.03349545
0.44309965 -0.03330823
0.45520961 -0.03309590
0.46733955 -0.03285814
0.47948948 -0.03259451
0.49165937 -0.03230502
0.50383931 -0.03199037
0.51602918 -0.03165129
0.52819914 -0.03128958
0.54036897 -0.03090549
0.55251884 -0.03050021
0.56463867 -0.03007449
0.57671857 -0.02962899
0.58875847 -0.02916416
0.60074830 -0.02868097
0.61268818 -0.02817980
0.62455803 -0.02766208
0.63636786 -0.02712811
0.64808768 -0.02657977
0.65972751 -0.02601695
0.67127740 -0.02544054
0.68272722 -0.02485153
0.69407696 -0.02425008
0.70529693 -0.02363792
0.71640670 -0.02301402
0.72738647 -0.02237932
0.73822623 -0.02173415
0.74892616 -0.02107826
0.75947583 -0.02041205
0.76987571 -0.01973501
0.78010547 -0.01904787
0.79017532 -0.01834944
0.80006504 -0.01764046
0.80978489 -0.01691973
0.81931466 -0.01618871
0.82866454 -0.01544713
0.83782423 -0.01469699
0.84678406 -0.01394109
0.85556382 -0.01318018
0.86413360 -0.01241941
0.87250334 -0.01166052
0.88067311 -0.01090593
0.88862300 -0.01015970
0.89635277 -0.00942385
0.90386254 -0.00869997
0.91112226 -0.00799233
0.91815215 -0.00730023
0.92493182 -0.00662696
0.93146175 -0.00597421
0.93773150 -0.00534511
0.94374138 -0.00474225
0.94949126 -0.00416856
0.95496106 -0.00362908
0.96016097 -0.00312575
0.96508080 -0.00266202
0.96970057 -0.00224132
0.97403061 -0.00186318
0.97806042 -0.00152778
0.98177040 -0.00123474
0.98515028 -0.00098160
0.98821026 -0.00076374
0.99093014 -0.00057851
0.99331015 -0.00042206
0.99533004 -0.00029251
0.99700004 -0.00018696
0.99830002 -0.00010531
0.99924004 -0.00004633
1.00000000 0.00000000
