MH 78 Airfoil by Martin Hepperle, www.mh-aerotools.de
1.000 0.000
0.99647 -0.00006
0.98594 -0.00007
0.96858 0.00029
0.94468 0.00131
0.9147 0.00321
0.87917 0.00617
0.83875 0.01029
0.79414 0.0156
0.74611 0.02204
0.69547 0.0295
0.643 0.03779
0.5895 0.04663
0.53576 0.05574
0.48244 0.06476
0.43022 0.07336
0.37969 0.08117
0.33135 0.08786
0.28564 0.09311
0.24294 0.09664
0.20358 0.09823
0.16782 0.0976
0.13568 0.09448
0.10701 0.08892
0.08177 0.08107
0.05981 0.07122
0.04107 0.0599
0.02574 0.04762
0.01399 0.03471
0.0058 0.02157
0.00109 0.00883
0.000 -0.00268
0.00332 -0.01153
0.01263 -0.01825
0.02821 -0.02441
0.04915 -0.03006
0.07501 -0.03508
0.10541 -0.03936
0.14009 -0.04271
0.17885 -0.04514
0.22131 -0.04681
0.26696 -0.0478
0.31526 -0.04817
0.36564 -0.04796
0.41751 -0.0472
0.47027 -0.04593
0.52329 -0.04418
0.57599 -0.04199
0.62773 -0.03937
0.67791 -0.03635
0.72596 -0.03293
0.77133 -0.02906
0.81366 -0.02464
0.85277 -0.01982
0.88837 -0.0149
0.92008 -0.01026
0.94736 -0.00628
0.96964 -0.00323
0.98623 -0.00125
0.99651 -0.00026
1.000 0.000
