MH 91 Airfoil by Martin Hepperle, www.mh-aerotools.de
1.00000000 0.00000000
0.99896431 -0.00001484
0.99586465 -0.00002332
0.99072419 0.00004514
0.98358185 0.00025259
0.97449085 0.00065386
0.96351724 0.00129572
0.95073847 0.00221637
0.93624162 0.00344484
0.92012183 0.00500088
0.90248040 0.00689483
0.88342332 0.00912808
0.86305965 0.01169337
0.84150019 0.01457572
0.81885628 0.01775303
0.79523884 0.02119721
0.77075750 0.02487496
0.74552005 0.02874896
0.71963189 0.03277862
0.69319577 0.03692121
0.66631152 0.04113251
0.63907599 0.04536779
0.61158298 0.04958230
0.58392332 0.05373210
0.55618485 0.05777436
0.52845260 0.06166798
0.50080886 0.06537382
0.47333329 0.06885506
0.44610306 0.07207742
0.41919294 0.07500921
0.39267543 0.07762160
0.36662078 0.07988835
0.34109723 0.08178625
0.31617089 0.08329425
0.29190603 0.08439438
0.26836502 0.08506974
0.24560861 0.08530634
0.22369613 0.08508802
0.20268591 0.08440031
0.18263434 0.08320486
0.16353673 0.08146336
0.14538439 0.07921373
0.12822914 0.07649334
0.11211563 0.07329995
0.09706136 0.06963142
0.08306857 0.06549186
0.07010703 0.06090343
0.05815388 0.05595363
0.04724931 0.05073029
0.03743922 0.04529467
0.02879051 0.03968461
0.02132123 0.03387713
0.01496573 0.02790411
0.00968743 0.02188157
0.00550584 0.01592821
0.00244803 0.01016041
0.00058606 0.00470867
0.00000335 -0.00033941
0.00077671 -0.00475522
0.00342961 -0.00860854
0.00812138 -0.01235353
0.01448474 -0.01613866
0.02240296 -0.01992660
0.03180018 -0.02368700
0.04261875 -0.02739189
0.05480477 -0.03101651
0.06830709 -0.03453730
0.08307307 -0.03793190
0.09904923 -0.04117858
0.11617945 -0.04425505
0.13440563 -0.04713922
0.15366748 -0.04980106
0.17392245 -0.05221088
0.19512787 -0.05436446
0.21721771 -0.05626333
0.24011798 -0.05789603
0.26375302 -0.05924779
0.28804866 -0.06027911
0.31298681 -0.06095699
0.33853962 -0.06132351
0.36461790 -0.06141516
0.39113229 -0.06124252
0.41799241 -0.06081432
0.44510698 -0.06013312
0.47238368 -0.05919303
0.49974925 -0.05797639
0.52715405 -0.05649078
0.55452717 -0.05477401
0.58177221 -0.05285316
0.60879261 -0.05074214
0.63549188 -0.04844673
0.66178087 -0.04596057
0.68758986 -0.04326929
0.71287811 -0.04037229
0.73760689 -0.03730414
0.76171689 -0.03411101
0.78514211 -0.03083683
0.80781317 -0.02752794
0.82965702 -0.02423179
0.85059668 -0.02099710
0.87055096 -0.01787209
0.88943436 -0.01490355
0.90715706 -0.01213490
0.92362506 -0.00960320
0.93874638 -0.00733640
0.95243304 -0.00536238
0.96458887 -0.00370786
0.97511056 -0.00238457
0.98389783 -0.00138673
0.99085710 -0.00069324
0.99590470 -0.00026736
0.99897046 -0.00005814
1.00000000 0.00000000
