MH 93 Airfoil by Martin Hepperle, www.mh-aerotools.de
1.00000 0.00000
0.99630 0.00005
0.98529 0.00023
0.96726 0.00113
0.94269 0.00305
0.91218 0.00619
0.87645 0.01067
0.83622 0.01642
0.79230 0.02333
0.74545 0.03118
0.69637 0.03966
0.64579 0.04847
0.59433 0.05725
0.54258 0.06569
0.49111 0.07348
0.44041 0.08033
0.39095 0.08599
0.34317 0.09028
0.29747 0.09302
0.25425 0.09410
0.21387 0.09339
0.17659 0.09077
0.14255 0.08622
0.11194 0.07984
0.08480 0.07170
0.06116 0.06209
0.04117 0.05144
0.02504 0.03998
0.01276 0.02802
0.00433 0.01614
0.00000 0.00492
0.00005 -0.00475
0.00603 -0.01292
0.01842 -0.02071
0.03606 -0.02847
0.05854 -0.03599
0.08548 -0.04307
0.11655 -0.04955
0.15141 -0.05521
0.18975 -0.05997
0.23115 -0.06371
0.27525 -0.06629
0.32176 -0.06772
0.37022 -0.06809
0.42006 -0.06745
0.47076 -0.06576
0.52189 -0.06309
0.57290 -0.05958
0.62317 -0.05533
0.67213 -0.05031
0.71936 -0.04450
0.76459 -0.03806
0.80740 -0.03128
0.84738 -0.02447
0.88403 -0.01800
0.91681 -0.01218
0.94512 -0.00734
0.96830 -0.00373
0.98560 -0.00143
0.99635 -0.00030
1.00000 0.00000
