NACA 8-H-12
1.00000 0.00000
0.94995 -0.00119
0.90016 0.00343
0.85060 0.01046
0.80118 0.01895
0.75184 0.02838
0.70250 0.03838
0.65311 0.04850
0.60358 0.05846
0.55387 0.06795
0.50390 0.07666
0.45360 0.08420
0.40292 0.09030
0.35174 0.09432
0.29969 0.09533
0.24754 0.09243
0.19607 0.08605
0.14497 0.07626
0.09427 0.06263
0.06914 0.05380
0.04424 0.04312
0.01980 0.02941
0.00804 0.02006
0.00358 0.01520
0.00147 0.01229
0.00000 0.00000
0.00853 -0.00819
0.01142 -0.00946
0.01696 -0.01128
0.03020 -0.01415
0.05576 -0.01736
0.08086 -0.01920
0.10573 -0.02059
0.15503 -0.02242
0.20393 -0.02351
0.25246 -0.02417
0.30031 -0.02455
0.34826 -0.02490
0.39708 -0.02494
0.44640 -0.02476
0.49610 -0.02436
0.54613 -0.02377
0.59642 -0.02290
0.64689 -0.02178
0.69750 -0.02034
0.74816 -0.01860
0.79882 -0.01645
0.84940 -0.01384
0.89984 -0.01051
0.95005 -0.00629
1.00000 0.00000
